0	0.16159
0.020874	0.23881
0.046818	0.26094
0.073877	0.25324
0.09954	0.32531
0.15148	0.33535
0.17756	0.38466
0.20445	0.49332
0.23049	0.50368
0.25726	0.50353
0.28059	0.45104
0.3072	0.36362
0.33336	0.2417
0.36266	0.18501
0.38565	0.19537
0.41176	0.20397
0.43773	0.27021
0.48969	0.36907
0.51635	0.41772
0.54168	0.34145
0.5941	0.2891
0.6709	0.29053
0.69794	0.27825
0.74957	0.27447
0.77515	0.3003
0.80217	0.16564
0.82642	0.14185
0.85286	0.13157
0.87812	0.10001
0.90358	0.15674
0.92966	0.23443
0.96078	0.23461
0.98272	0.23371
1.0078	0.21383
1.0351	0.27638
1.0867	0.44612
1.127	0.57295
1.1401	0.65325
1.1911	0.58511
1.2693	0.46639
1.2938	0.46838
1.345	0.60069
1.3725	0.68738
1.3973	0.59188
1.4237	0.52552
1.4506	0.42441
1.5018	0.38961
1.5281	0.43218
1.5543	0.39872
1.5804	0.51749
1.6064	0.60092
1.6313	0.57896
1.6582	0.59914
1.7193	0.43943
1.7368	0.32706
1.7611	0.28225
1.786	0.33216
1.8122	0.31408
1.8383	0.32775
1.8648	0.36234
1.8902	0.42124
1.9415	0.52691
1.967	0.57978
1.9927	0.5698
2.0201	0.52102
2.0457	0.47938
2.071	0.46119
2.0971	0.41706
2.1235	0.39018
2.1503	0.40093
2.1756	0.40824
2.2015	0.43883
2.2532	0.42763
2.2791	0.44025
2.3149	0.46373
2.332	0.34485
2.3566	0.35536
2.3822	0.28828
2.4081	0.28139
2.4335	0.23168
2.463	0.19732
2.4877	0.16649
2.5128	0.23802
2.539	0.19554
2.564	0.23492
2.6189	0.35049
2.6413	0.34837
2.6683	0.33086
2.6947	0.36763
2.7196	0.34347
2.7449	0.29802
2.7734	0.35079
2.7985	0.38084
2.8239	0.31015
2.85	0.34067
2.8769	0.29102
2.9015	0.22924
2.9293	0.20534
2.9543	0.21185
2.98	0.14476
3.0071	0.16472
3.0321	0.16423
3.0641	0.17107
3.0859	0.19781
3.138	0.15051
3.1617	0.14452
3.189	0.17041
3.2157	0.16753
3.241	0.19149
3.2928	0.24727
3.3191	0.21419
3.3722	0.14691
3.3979	0.0541
3.4488	0.049754
3.4747	0.065313
3.5011	0.063353
3.528	0.11832
3.5787	0.14839
3.606	0.19511
3.6307	0.21567
3.6619	0.14918
3.6841	0.12014
3.7098	0.12204
3.7357	0.11267
3.7609	0.15695
3.7867	0.20467
3.8141	0.21246
3.8392	0.25498
3.8917	0.25793
3.9179	0.25954
3.9433	0.26561
3.9696	0.24332
3.9958	0.24
4.021	0.2081
4.0469	0.23034
4.0732	0.21808
4.1004	0.20718
4.1287	0.18543
4.1519	0.20995
4.1773	0.18433
4.2039	0.19757
4.2629	0.2347
4.2829	0.24669
4.3085	0.26194
4.3379	0.27157
4.3597	0.25422
4.3857	0.24994
4.4119	0.23151
4.4378	0.22001
4.4901	0.22507
4.5415	0.11914
4.5683	0.12147
4.5949	0.13739
4.6461	0.16839
4.6724	0.2861
4.6994	0.24774
4.7245	0.26599
4.7508	0.293
4.8016	0.19674
4.8267	0.26635
4.8534	0.2434
4.8805	0.20849
4.9064	0.23848
4.9315	0.24364
4.9575	0.23049
4.9841	0.22217
5.01	0.19003
5.0363	0.11375
5.0622	0.16609
5.0866	0.17394
5.1127	0.18937
5.1378	0.26295
5.1674	0.29479
5.1901	0.27474
5.2414	0.23754
5.267	0.22439
5.2931	0.1891
5.3196	0.2241
5.346	0.26627
5.3975	0.30437
5.4237	0.34597
5.4519	0.29998
5.476	0.2388
5.5014	0.23871
5.5532	0.21174
5.58	0.21621
5.6183	0.17163
5.6314	0.11967
5.6594	0.13768
5.684	0.11374
5.7096	0.093733
5.7346	0.15122
5.7735	0.17812
5.7864	0.2343
5.8128	0.25885
5.8405	0.29945
5.8643	0.32143
5.9182	0.31038
5.943	0.28665
5.9689	0.25079
5.9944	0.26914
6.0197	0.22869
6.0462	0.15214
6.0746	0.12431
6.0985	0.21736
6.1251	0.17506
6.1491	0.20902
6.2018	0.33868
6.2315	0.26594
6.2539	0.29747
6.3066	0.25984
6.3316	0.31248
6.3725	0.32258
6.3855	0.32921
6.4093	0.31929
6.4341	0.32414
6.4612	0.31869
6.4863	0.30395
6.5173	0.24996
6.5402	0.286
6.5914	0.22141
6.6198	0.17101
6.6734	0.081891
6.6939	0.117
6.7462	0.17015
6.7737	0.19798
6.8008	0.25477
6.8247	0.24953
6.8501	0.20786
6.8755	0.22753
6.9017	0.21707
6.9277	0.24782
6.9546	0.25381
6.9805	0.28327
7.007	0.29564
7.0311	0.30383
7.058	0.23429
7.0835	0.19126
7.1119	0.1369
7.1358	0.13074
7.1904	0.16502
7.2131	0.14987
7.2744	0.22108
7.2913	0.233
7.3418	0.27191
7.3931	0.267
7.4207	0.25912
7.4463	0.27446
7.4965	0.21829
7.5248	0.24949
7.5501	0.21675
7.5766	0.23726
7.6025	0.24189
7.6804	0.24961
7.7146	0.22738
7.7324	0.24778
7.7592	0.2568
7.7836	0.32864
7.8115	0.45307
7.8362	0.65782
7.8626	0.79802
7.8878	0.82882
7.9397	0.84812
7.9656	0.78141
7.9919	0.83799
8.0184	0.88022
8.0446	0.85698
8.0963	0.88071
8.1228	0.85244
8.1504	0.78955
8.1744	0.77437
8.2005	0.72705
8.2256	0.74821
8.2524	0.79061
8.2785	0.81584
8.3039	0.82073
8.3317	0.84054
8.3576	0.80786
8.3827	0.70942
8.4089	0.68467
8.4351	0.64961
8.4644	0.56939
8.4871	0.51732
8.5404	0.49616
8.5659	0.52109
8.5913	0.56949
8.6174	0.5973
8.6439	0.65937
8.6949	0.60686
8.7226	0.56053
8.7482	0.53441
8.7783	0.47829
8.8003	0.48356
8.8256	0.51384
8.8513	0.53758
8.8769	0.51565
8.9038	0.58258
8.9319	0.59177
8.9821	0.62965
9.008	0.66969
9.0331	0.63461
9.0613	0.68411
9.0869	0.67737
9.1398	0.67453
9.1897	0.63795
9.2161	0.58797
9.2415	0.64147
9.2675	0.62618
9.2933	0.66108
9.3196	0.68141
9.3452	0.71724
9.371	0.68647
9.3977	0.70936
9.4488	0.63607
9.4745	0.61593
9.502	0.5926
9.5271	0.51002
9.579	0.52352
9.606	0.54239
9.6571	0.61144
9.6828	0.60699
9.7098	0.64442
9.7348	0.67244
9.7603	0.65106
9.7864	0.6459
9.8122	0.62903
9.8397	0.6262
9.8656	0.65229
9.8905	0.66372
9.9171	0.7033
9.9428	0.73376
9.9696	0.75073
9.9954	0.67999
10.047	0.70376
10.074	0.72662
10.1	0.72211
10.125	0.77536
10.15	0.74014
10.202	0.63944
10.228	0.58893
10.254	0.55726
10.281	0.53557
10.308	0.51519
10.337	0.55936
10.358	0.61563
10.383	0.64164
10.421	0.65048
10.435	0.7195
10.461	0.71844
10.464	0.72047
10.487	0.73358
10.537	0.77422
10.564	0.8014
10.589	0.8303
10.643	0.77477
10.667	0.72329
10.693	0.62977
10.796	0.57034
10.824	0.6067
10.85	0.6521
10.875	0.69667
10.901	0.66076
10.927	0.71568
10.953	0.68027
10.979	0.66233
11.004	0.71701
11.057	0.66681
11.083	0.70904
11.109	0.75477
11.135	0.74788
11.16	0.77326
11.188	0.83191
11.237	0.83409
11.264	0.78605
11.29	0.80036
11.316	0.74001
11.341	0.72966
11.393	0.8193
11.419	0.83337
11.447	0.84792
11.47	0.86294
11.497	0.83669
11.522	0.7703
11.549	0.78292
11.575	0.83969
11.601	0.78553
11.627	0.79211
11.653	0.84112
11.679	0.80173
11.705	0.78852
11.766	0.80421
11.784	0.76409
11.81	0.75115
11.84	0.69869
11.859	0.72762
11.886	0.66591
11.915	0.6701
11.94	0.74837
11.992	0.68922
12.016	0.75299
12.042	0.74923
12.07	0.71792
12.095	0.69169
12.147	0.72758
12.173	0.72341
12.2	0.66955
12.224	0.69275
12.251	0.63029
12.276	0.6262
12.303	0.65397
12.329	0.67984
12.36	0.66962
12.382	0.68495
12.41	0.66121
12.437	0.62019
12.459	0.59007
12.485	0.59064
12.513	0.59352
12.538	0.71383
12.563	0.74182
12.59	0.80694
12.614	0.83292
12.673	0.76335
12.691	0.73373
12.743	0.68286
12.795	0.50982
12.824	0.41711
12.848	0.30018
12.873	0.21459
12.899	0.21103
12.925	0.25038
12.952	0.20117
12.98	0.21158
13.004	0.23651
13.029	0.25746
13.056	0.27934
13.082	0.28205
13.112	0.25093
13.135	0.29645
13.159	0.36483
13.188	0.44622
13.21	0.52243
13.237	0.44452
13.264	0.38134
13.289	0.327
13.315	0.27989
13.342	0.25027
13.367	0.24419
13.392	0.20789
13.419	0.1591
13.445	0.18632
13.497	0.13588
13.523	0.16668
13.55	0.17268
13.574	0.13945
13.599	0.15683
13.651	0.23417
13.677	0.25942
13.703	0.28954
13.73	0.32245
13.756	0.26684
13.781	0.20124
13.807	0.22824
13.833	0.211
13.859	0.15
13.886	0.22992
13.911	0.26693
13.937	0.22154
13.963	0.217
13.989	0.19215
14.015	0.094214
14.041	0.096542
14.093	0.11039
14.118	0.21843
14.145	0.30168
14.17	0.2941
14.197	0.31076
14.222	0.32997
14.274	0.29716
14.301	0.2727
14.327	0.2578
14.353	0.24527
14.379	0.23881
14.406	0.16642
14.431	0.1817
14.457	0.1589
14.484	0.13236
14.51	0.096245
14.539	0.15572
14.587	0.24897
14.613	0.26326
14.64	0.3175
14.692	0.28716
14.716	0.2988
14.773	0.23039
14.795	0.24738
14.82	0.25632
14.846	0.22061
14.873	0.24135
14.901	0.26826
14.926	0.23991
14.951	0.24965
14.977	0.23273
15.003	0.16148
15.03	0.13618
15.054	0.11142
15.082	0.11447
15.141	0.26823
15.159	0.27407
15.185	0.30346
15.213	0.28646
15.237	0.23679
15.263	0.21046
15.29	0.24648
15.315	0.25302
15.342	0.26881
15.368	0.30149
15.394	0.25915
15.445	0.25903
15.471	0.17818
15.497	0.1443
15.524	0.16717
15.551	0.16842
15.601	0.19932
15.628	0.21829
15.653	0.2307
15.683	0.22112
15.709	0.27916
15.732	0.26485
15.757	0.2861
15.809	0.28212
15.835	0.2711
15.863	0.31036
15.889	0.29103
15.94	0.32636
15.966	0.2794
15.992	0.24208
16.019	0.26072
16.044	0.21087
16.07	0.18369
16.121	0.17203
16.148	0.17921
16.199	0.23393
16.224	0.27588
16.251	0.24467
16.279	0.21579
16.303	0.20071
16.356	0.26203
16.409	0.30483
16.433	0.26564
16.46	0.27123
16.487	0.26456
16.512	0.23607
16.537	0.18961
16.563	0.15446
16.59	0.13581
16.615	0.15731
16.643	0.21637
16.668	0.27905
16.693	0.36854
16.719	0.35572
16.746	0.29361
16.797	0.29191
16.823	0.21404
16.848	0.24665
16.875	0.25313
16.901	0.23045
16.953	0.28806
16.979	0.24773
17.008	0.26458
17.031	0.27642
17.086	0.26807
17.11	0.26695
17.136	0.23214
17.162	0.23703
17.189	0.23632
17.241	0.24892
17.266	0.2677
17.369	0.24066
17.42	0.17583
17.448	0.083818
17.473	0
17.504	0.0037186
17.527	0.071527
17.55	0.12534
17.602	0.28871
17.628	0.30671
17.653	0.19586
17.68	0.16908
17.711	0.087299
17.732	0.034376
17.757	0.079835
17.808	0.12478
17.86	0.46839
17.886	0.55778
17.923	0.73074
17.939	0.82444
17.964	0.81339
17.99	0.83085
18.052	0.83994
18.068	0.88591
18.093	0.88591
18.147	0.8324
18.171	0.80893
18.198	0.74775
18.226	0.68851
18.252	0.72826
18.275	0.75536
18.301	0.80317
18.327	0.85203
18.353	0.90462
18.38	0.86911
18.409	0.83798
18.431	0.80771
18.46	0.76633
18.483	0.69526
18.51	0.65745
18.536	0.59349
18.562	0.54927
18.589	0.54104
18.615	0.50737
18.665	0.54423
18.691	0.56432
18.717	0.56084
18.743	0.63319
18.769	0.64685
18.796	0.6437
18.821	0.68336
18.847	0.68819
18.899	0.67508
18.925	0.6901
18.952	0.65411
18.978	0.67479
19.03	0.65183
19.056	0.66169
19.082	0.64043
19.109	0.64459
19.133	0.62882
19.189	0.65061
19.211	0.69136
19.236	0.63153
19.262	0.61946
19.289	0.60008
19.34	0.61424
19.367	0.6563
19.392	0.67145
19.419	0.65026
19.446	0.63562
19.496	0.6431
19.522	0.65558
19.548	0.66068
19.575	0.62208
19.6	0.59828
19.652	0.51975
19.677	0.5125
19.704	0.50462
19.73	0.55385
19.781	0.55249
19.807	0.56679
19.868	0.5719
19.885	0.6193
19.912	0.64443
19.937	0.67402
19.988	0.74449
20.014	0.77898
20.04	0.82263
20.066	0.79636
20.095	0.75315
20.151	0.70425
20.172	0.68082
20.197	0.74292
20.248	0.69435
20.274	0.7428
20.3	0.74338
20.327	0.75644
20.378	0.83419
20.405	0.76712
20.431	0.73724
20.459	0.67472
20.483	0.68335
20.495	0.67576
20.51	0.66746
20.539	0.72862
20.561	0.74112
20.587	0.76634
20.613	0.76389
20.64	0.78371
20.666	0.7768
20.691	0.78854
20.717	0.78743
20.744	0.72636
20.77	0.70605
20.797	0.72311
20.847	0.67067
20.873	0.7324
20.899	0.74018
20.926	0.73195
20.952	0.71931
21.003	0.70375
21.029	0.70714
21.056	0.71188
21.082	0.70382
21.109	0.73532
21.136	0.78232
21.159	0.80401
21.185	0.80167
21.212	0.83987
21.238	0.86149
21.264	0.88685
21.29	0.85101
21.316	0.85064
21.344	0.79931
21.368	0.77543
21.394	0.73254
21.42	0.72926
21.445	0.71998
21.471	0.80616
21.497	0.80468
21.524	0.78656
21.55	0.79855
21.602	0.69579
21.629	0.69459
21.654	0.69015
21.68	0.78182
21.732	0.80398
21.761	0.8201
21.782	0.8375
21.835	0.78483
21.86	0.77011
21.912	0.67154
21.936	0.70474
21.962	0.72571
21.989	0.72634
22.014	0.78114
22.041	0.78837
22.067	0.75578
22.093	0.73171
22.123	0.7331
22.143	0.70235
22.169	0.68311
22.195	0.65102
22.222	0.63399
22.25	0.64414
22.275	0.61387
22.299	0.62767
22.351	0.6109
22.377	0.59871
22.429	0.59399
22.456	0.5693
22.481	0.56401
22.507	0.54579
22.568	0.59597
22.584	0.65014
22.611	0.71495
22.64	0.75439
22.689	0.79694
22.715	0.78918
22.741	0.75212
22.767	0.77957
22.793	0.74237
22.819	0.66041
22.846	0.67589
22.872	0.63641
22.896	0.59754
22.949	0.67849
22.975	0.65349
23.001	0.67906
23.026	0.65469
23.053	0.63198
23.105	0.66614
23.13	0.69864
23.157	0.74511
23.183	0.73869
23.208	0.69576
23.238	0.68217
23.261	0.62348
23.287	0.4003
23.315	0.28349
23.339	0.22627
23.364	0.21655
23.39	0.22816
23.416	0.23305
23.441	0.19781
23.468	0.12067
23.492	0.14684
23.519	0.17051
23.545	0.22413
23.571	0.24208
23.6	0.32113
23.623	0.31334
23.649	0.34491
23.7	0.34277
23.725	0.25976
23.752	0.25624
23.779	0.27012
23.804	0.26164
23.855	0.28438
23.881	0.24666
23.907	0.24746
23.934	0.23214
23.959	0.20512
23.988	0.22486
24.01	0.20894
24.037	0.18367
24.064	0.22149
24.089	0.19091
24.115	0.21879
24.141	0.28114
24.168	0.29871
24.193	0.27206
24.22	0.31761
24.246	0.30234
24.298	0.25254
24.324	0.28516
24.351	0.26105
24.376	0.29933
24.427	0.33536
24.453	0.27483
24.479	0.22025
24.505	0.17856
24.532	0.16868
24.559	0.11766
24.585	0.17839
24.636	0.3023
24.67	0.35027
24.687	0.36496
24.713	0.36636
24.739	0.33678
24.765	0.35728
24.79	0.31794
24.818	0.40566
24.843	0.35505
24.895	0.37593
24.921	0.31361
24.947	0.19373
24.974	0.21033
24.999	0.20372
25.051	0.16298
25.077	0.20048
25.102	0.19463
25.131	0.21864
25.18	0.28814
25.207	0.30659
25.233	0.25797
25.261	0.2282
25.285	0.20026
25.337	0.1669
25.363	0.17504
25.391	0.16684
25.416	0.17209
25.442	0.18932
25.467	0.21366
25.493	0.26575
25.519	0.25797
25.546	0.18905
25.572	0.16723
25.598	0.11167
25.65	0.15485
25.676	0.20484
25.702	0.1822
25.729	0.21838
25.779	0.19984
25.806	0.28208
25.831	0.33621
25.859	0.32634
25.883	0.35365
25.909	0.3064
25.936	0.24077
25.961	0.24883
25.987	0.22277
26.013	0.10392
26.039	0.14729
26.091	0.18019
26.143	0.27584
26.169	0.30343
26.198	0.25876
26.221	0.22997
26.247	0.24552
26.273	0.22888
26.299	0.21116
26.326	0.24644
26.351	0.24333
26.377	0.22605
26.403	0.24012
26.429	0.16201
26.456	0.11484
26.481	0.16272
26.509	0.17807
26.534	0.15904
26.559	0.24605
26.585	0.21955
26.611	0.18632
26.638	0.21343
26.664	0.25389
26.691	0.21856
26.716	0.30782
26.742	0.34087
26.772	0.32448
26.794	0.30673
26.82	0.29062
26.845	0.2493
26.871	0.22377
26.897	0.21237
26.925	0.2315
26.975	0.26827
27.001	0.27565
27.027	0.32354
27.053	0.2601
27.079	0.24409
27.131	0.27248
27.157	0.19367
27.182	0.24014
27.213	0.23423
27.235	0.19105
27.26	0.25022
27.29	0.29609
27.34	0.32457
27.367	0.31621
27.39	0.30377
27.416	0.26777
27.441	0.25347
27.468	0.25347
27.494	0.218
27.52	0.16528
27.547	0.18167
27.572	0.22344
27.598	0.22045
27.624	0.2945
27.65	0.31215
27.677	0.30716
27.705	0.26403
27.728	0.26066
27.756	0.19086
27.825	0.27249
27.859	0.29901
27.889	0.39119
27.912	0.44707
27.936	0.54955
27.963	0.65891
27.99	0.80708
28.015	0.80565
28.04	0.82142
28.066	0.79214
28.093	0.82135
28.118	0.83431
28.145	0.8371
28.17	0.91523
28.197	0.96256
28.223	0.93606
28.248	0.93193
28.276	0.96612
28.302	0.93424
28.353	0.90578
28.378	0.88025
28.405	0.83238
28.431	0.75718
28.483	0.73532
28.51	0.71138
28.536	0.69136
28.561	0.7511
28.588	0.7539
28.639	0.82605
28.665	0.82038
28.692	0.79366
28.717	0.78374
28.744	0.76468
28.769	0.75568
28.794	0.72957
28.82	0.70811
28.846	0.69149
28.873	0.66998
28.899	0.58554
28.924	0.56876
28.95	0.56876
28.976	0.57537
29.002	0.5396
29.029	0.52787
29.054	0.54095
29.08	0.56574
29.107	0.55901
29.132	0.53754
29.161	0.60778
29.184	0.58554
29.21	0.52728
29.237	0.54103
29.262	0.53269
29.288	0.51634
29.314	0.55476
29.341	0.59346
29.366	0.57587
29.392	0.59934
29.418	0.5731
29.443	0.53678
29.47	0.5084
29.496	0.48891
29.521	0.47834
29.573	0.45898
29.599	0.46078
29.625	0.42922
29.703	0.4817
29.729	0.4763
29.755	0.52515
29.781	0.53064
29.809	0.47687
29.832	0.53206
29.885	0.6011
29.911	0.6424
29.937	0.69526
29.99	0.71792
30.015	0.6507
30.042	0.67206
30.068	0.70514
30.094	0.73636
30.119	0.71687
30.145	0.80935
30.171	0.82514
30.198	0.86159
30.225	0.86383
30.25	0.85052
30.301	0.81302
30.327	0.7666
30.352	0.77106
30.378	0.80912
30.405	0.83788
30.43	0.83251
30.456	0.87303
30.482	0.87891
30.512	0.8494
30.528	0.89423
30.533	0.90787
30.559	0.8874
30.586	0.88634
30.611	0.92907
30.638	0.94219
30.662	0.84715
30.69	0.80416
30.714	0.77167
30.74	0.70056
30.765	0.68332
30.792	0.70145
30.822	0.6753
30.844	0.68726
30.869	0.6723
30.895	0.69185
30.922	0.69983
30.947	0.73841
30.975	0.73461
31.052	0.8154
31.078	0.81445
31.104	0.77267
31.131	0.76351
31.185	0.70065
31.208	0.76163
31.271	0.78544
31.285	0.79589
31.337	0.71121
31.364	0.73969
31.39	0.71048
31.416	0.68929
31.442	0.71116
31.468	0.70052
31.494	0.63972
31.52	0.67425
31.546	0.58553
31.573	0.52584
31.598	0.49487
31.624	0.49856
31.65	0.488
31.676	0.53081
31.703	0.53963
31.729	0.51914
31.755	0.43224
31.806	0.35305
31.832	0.36995
31.858	0.40254
31.884	0.52308
31.911	0.56126
31.936	0.55851
31.962	0.59281
31.989	0.57903
32.016	0.48482
32.041	0.45595
32.067	0.45219
32.092	0.35498
32.144	0.38537
32.172	0.38009
32.197	0.43982
32.223	0.46673
32.249	0.48037
32.299	0.50476
32.326	0.47041
32.352	0.51147
32.403	0.5101
32.429	0.51323
32.455	0.46877
32.482	0.40634
32.534	0.40044
32.56	0.36493
32.586	0.42402
32.612	0.4198
32.641	0.40031
32.69	0.4262
32.716	0.3928
32.742	0.45332
33.624	0.56436
33.653	0.54836
33.675	0.55747
33.702	0.56484
33.753	0.51621
33.779	0.50742
33.813	0.45484
33.832	0.43455
33.858	0.42348
33.885	0.43392
33.909	0.41714
33.935	0.39241
33.961	0.40386
33.987	0.41343
34.039	0.41605
34.065	0.45976
34.091	0.45555
34.118	0.46287
34.144	0.48115
34.195	0.45292
34.246	0.471
34.275	0.4757
34.299	0.48964
34.324	0.53379
34.35	0.52387
34.375	0.5009
34.401	0.54333
34.428	0.57228
34.454	0.54873
34.506	0.56314
34.532	0.52169
34.559	0.5329
34.584	0.56483
34.61	0.5894
34.636	0.6427
34.661	0.66796
34.715	0.57854
34.739	0.54769
34.765	0.51899
34.79	0.51841
34.816	0.54357
34.842	0.55685
34.869	0.54811
34.894	0.5436
34.92	0.48116
34.945	0.47515
34.971	0.46554
34.997	0.46694
35.024	0.44886
35.05	0.51245
35.101	0.5184
35.127	0.53174
35.152	0.56625
35.181	0.54234
35.205	0.50853
35.23	0.51704
35.282	0.47822
35.308	0.48771
35.334	0.50041
35.386	0.5146
35.439	0.48671
35.466	0.47741
35.491	0.46442
35.516	0.46224
35.542	0.41025
35.568	0.40008
35.594	0.3871
35.672	0.49843
35.698	0.54935
35.724	0.54141
35.752	0.5142
35.776	0.54175
35.804	0.47756
35.854	0.50792
35.88	0.49408
35.916	0.47936
35.933	0.51224
35.959	0.52931
35.986	0.52621
36.01	0.50843
36.062	0.49013
36.089	0.44711
36.115	0.46703
36.14	0.4893
36.166	0.4424
36.193	0.47226
36.22	0.46988
36.246	0.48926
36.297	0.59637
36.323	0.52803
36.348	0.54375
36.376	0.56457
36.454	0.56731
36.479	0.56485
36.508	0.52735
36.532	0.56869
36.583	0.54787
36.61	0.56115
36.663	0.51692
36.69	0.5399
36.74	0.57586
36.765	0.58283
36.791	0.61962
36.819	0.63734
36.845	0.58494
36.895	0.52413
36.921	0.46382
36.947	0.40968
36.974	0.46475
36.999	0.53078
37.025	0.56112
37.052	0.56787
37.077	0.57688
37.103	0.59721
37.128	0.56229
37.156	0.56666
37.208	0.6292
37.231	0.63041
37.267	0.62568
37.283	0.63233
37.309	0.60994
37.337	0.59472
37.387	0.63068
37.417	0.59675
37.439	0.64969
37.465	0.6923
37.491	0.65119
37.543	0.68241
37.57	0.63844
37.596	0.64584
37.623	0.58973
37.647	0.52614
37.699	0.5461
37.725	0.49724
37.754	0.49823
37.803	0.49637
37.829	0.52856
37.861	0.5952
37.882	0.61551
37.908	0.61281
37.935	0.62238
37.986	0.57227
38.013	0.62508
38.039	0.65966
38.064	0.66806
38.09	0.72993
38.116	0.72408
38.142	0.74727
38.169	0.76308
38.194	0.77528
38.22	0.78163
38.246	0.80791
38.272	0.77251
38.297	0.77947
38.324	0.78396
38.351	0.73628
38.375	0.71664
38.402	0.71907
38.428	0.69774
38.453	0.70331
38.48	0.7058
38.531	0.67404
38.558	0.66315
38.584	0.66402
38.612	0.65132
38.637	0.66473
38.69	0.73613
38.714	0.7174
38.741	0.76917
38.768	0.79189
38.793	0.73417
38.844	0.82969
38.87	0.77978
38.897	0.80596
38.924	0.81375
38.949	0.77651
38.975	0.74955
39.001	0.76001
39.027	0.68859
39.053	0.70525
39.079	0.70361
39.106	0.71023
39.131	0.72601
39.157	0.74591
39.183	0.69736
39.212	0.69801
39.235	0.74944
39.29	0.73903
39.312	0.76408
39.338	0.74525
39.366	0.72071
39.391	0.70973
39.417	0.69392
39.441	0.74428
39.467	0.76454
39.52	0.72631
39.547	0.7412
39.572	0.73593
39.598	0.72884
39.624	0.71428
39.649	0.71179
39.676	0.71252
39.703	0.63518
39.758	0.42413
39.781	0.30957
39.818	0.17827
39.831	0.18131
39.857	0.26486
39.885	0.32208
39.908	0.268
39.934	0.39323
39.96	0.40722
39.986	0.38738
40.037	0.43827
40.064	0.29529
40.09	0.37046
40.118	0.46265
40.143	0.56875
40.167	0.63026
40.194	0.77882
40.219	0.77942
40.272	0.76983
40.299	0.74749
40.35	0.73858
40.376	0.73857
40.402	0.72934
40.428	0.77836
40.454	0.81215
40.506	0.76284
40.532	0.7445
40.562	0.64205
40.577	0.63869
40.583	0.63739
40.638	0.66955
40.688	0.61692
40.713	0.51395
40.74	0.42174
40.765	0.40152
40.79	0.47848
40.817	0.5004
40.843	0.48428
40.87	0.47497
40.895	0.33562
40.92	0.2821
40.946	0.28719
40.999	0.26911
41.024	0.30333
41.051	0.28575
41.077	0.27568
41.103	0.2516
41.129	0.2373
41.155	0.14652
41.181	0.090368
41.207	0.099764
41.234	0.1086
41.258	0.14654
41.284	0.2337
41.316	0.25936
41.337	0.25163
41.389	0.26035
41.44	0.24574
41.469	0.28515
41.493	0.30633
41.545	0.28787
41.57	0.34931
41.596	0.27682
41.622	0.30923
41.649	0.28785
41.699	0.34399
41.726	0.35371
41.751	0.27191
41.777	0.29967
41.804	0.27188
41.856	0.25033
41.881	0.29701
41.913	0.28933
41.933	0.3138
41.987	0.26437
42.037	0.27194
42.067	0.22852
42.09	0.2366
42.117	0.25467
42.141	0.23873
42.167	0.22897
42.222	0.28967
42.244	0.3107
42.27	0.27936
42.306	0.28651
42.373	0.27678
42.4	0.28337
42.451	0.32552
42.476	0.31381
42.503	0.26335
42.53	0.31564
42.556	0.28893
42.58	0.23281
42.607	0.25589
42.634	0.30129
42.666	0.25086
42.686	0.23734
42.737	0.2601
42.763	0.21888
42.79	0.20924
42.819	0.14272
42.842	0.16303
42.867	0.16668
42.893	0.2162
42.945	0.32144
42.971	0.31351
42.998	0.30879
43.023	0.26972
43.049	0.23154
43.075	0.28402
43.101	0.28704
43.128	0.30215
43.155	0.36747
43.206	0.48305
43.231	0.33887
43.256	0.26234
43.283	0.1839
43.308	0.073475
43.336	0.1161
43.421	0.22804
43.44	0.26694
43.466	0.18385
43.491	0.21826
43.517	0.26157
43.543	0.29098
43.569	0.33443
43.596	0.37781
43.646	0.34366
43.673	0.36522
43.699	0.31507
43.726	0.30321
43.752	0.29496
43.777	0.27521
43.803	0.21994
43.866	0.25029
43.88	0.19443
43.957	0.22387
43.983	0.27956
44.014	0.33448
44.036	0.267
44.088	0.32078
44.113	0.29258
44.139	0.30439
44.167	0.31517
44.192	0.2761
44.243	0.25099
44.27	0.16744
44.297	0.13704
44.322	0.10683
44.349	0.092688
44.375	0.063376
44.399	0.10752
44.425	0.15211
44.452	0.18174
44.477	0.15135
44.503	0.21098
44.556	0.24179
44.58	0.29732
44.613	0.35194
44.632	0.35006
44.659	0.32793
44.71	0.28611
44.735	0.27299
44.774	0.25821
44.788	0.26032
44.814	0.28931
44.85	0.2925
44.865	0.20933
44.895	0.26877
44.936	0.25961
44.969	0.26035
45.001	0.31538
45.025	0.29368
45.047	0.30093
45.091	0.30563
45.15	0.25586
45.176	0.26388
45.202	0.23114
45.228	0.20869
45.254	0.23746
45.28	0.27883
45.307	0.20905
45.332	0.22977
45.368	0.22736
45.385	0.17645
45.41	0.18796
45.437	0.24334
45.462	0.2368
45.49	0.23827
45.515	0.26517
45.541	0.25918
45.591	0.32416
45.618	0.32954
45.646	0.38468
45.685	0.34179
45.731	0.2957
45.756	0.27372
45.774	0.23269
45.854	0.1749
45.91	0.24879
45.955	0.28604
46.007	0.2
46.032	0.16947
46.058	0.15483
46.11	0.2639
46.316	0.21058
46.369	0.16405
46.394	0.1851
46.472	0.20904
46.497	0.19942
46.523	0.17643
46.55	0.19817
46.583	0.22344
46.605	0.20628
46.727	0.24426
46.744	0.2277
46.784	0.14399
46.849	0.084812
46.923	0.13815
46.992	0.30486
47.044	0.34718
47.132	0.32254
47.159	0.32384
47.225	0.11727
47.25	0.15602
47.276	0.13191
47.302	0.24665
47.398	0.32832
47.435	0.10722
47.458	0.078099
47.484	0.11022
47.511	0.11682
47.562	0.20629
47.589	0.22815
47.614	0.26411
47.675	0.28963
47.71	0.27432
47.775	0.35638
47.803	0.39686
47.83	0.38536
47.847	0.38963
47.898	0.36891
47.924	0.34897
47.983	0.41941
48.002	0.71993
48.028	0.87248
48.054	0.8719
48.081	0.81759
48.106	0.81647
48.132	0.80972
48.158	0.82036
48.184	0.80703
48.236	0.89581
48.262	0.90882
48.314	0.90437
48.339	0.8332
48.365	0.79564
48.391	0.75945
48.416	0.72026
48.444	0.71995
48.469	0.72323
48.494	0.76116
48.519	0.74712
48.545	0.72756
48.621	0.72928
48.648	0.70656
48.675	0.76338
48.699	0.78376
48.725	0.80901
48.75	0.79208
48.777	0.81868
48.803	0.76973
48.829	0.71104
48.854	0.67997
48.881	0.73023
48.906	0.73704
48.932	0.73475
48.957	0.76635
49.009	0.7407
49.096	0.70935
49.115	0.64424
49.166	0.69666
49.192	0.68561
49.218	0.68765
49.244	0.74161
49.274	0.76215
49.296	0.73504
49.321	0.73084
49.348	0.76405
49.401	0.77243
49.425	0.8045
49.451	0.83407
49.503	0.82429
49.529	0.75197
49.564	0.71253
49.58	0.70079
49.632	0.62433
49.659	0.66596
49.684	0.68415
49.71	0.6765
49.735	0.70039
49.763	0.74466
49.787	0.7169
49.812	0.74512
49.839	0.75131
49.865	0.73629
49.89	0.73288
49.942	0.73798
49.969	0.76442
50.019	0.74793
50.046	0.73375
50.075	0.76001
50.101	0.71597
50.172	0.71031
50.193	0.69857
50.227	0.67687
50.278	0.75608
50.304	0.8252
50.331	0.81929
50.369	0.85154
50.382	0.90245
50.408	0.89645
50.473	0.91581
50.485	0.91805
50.51	0.86501
50.535	0.83694
50.609	0.71362
50.624	0.68873
50.641	0.69037
50.691	0.67649
50.717	0.7134
50.743	0.76381
50.77	0.76234
50.796	0.7387
50.848	0.6995
50.884	0.67566
50.911	0.63472
50.94	0.63765
50.976	0.68083
51.003	0.72408
51.069	0.85986
51.082	0.90536
51.107	0.89003
51.139	0.87111
51.158	0.8855
51.184	0.87007
51.224	0.85055
51.237	0.86827
51.29	0.8272
51.317	0.83593
51.371	0.79226
51.393	0.77578
51.418	0.78928
51.444	0.76725
51.522	0.75616
51.549	0.77824
51.574	0.74983
51.651	0.82352
51.677	0.79348
51.703	0.80593
51.729	0.76208
51.754	0.74068
51.779	0.75878
51.821	0.73361
51.857	0.7707
51.883	0.75843
51.909	0.7537
51.935	0.77994
51.962	0.81248
51.987	0.77419
52.039	0.8406
52.118	0.87308
52.143	0.9429
52.169	0.91744
52.196	0.87078
52.223	0.8644
52.248	0.87897
52.274	0.7738
52.299	0.76099
52.326	0.74633
52.352	0.7132
52.403	0.70998
52.429	0.67707
52.455	0.67538
52.481	0.6818
52.566	0.688
52.583	0.74308
52.61	0.7511
52.636	0.75446
52.661	0.75544
52.689	0.76989
52.714	0.67836
52.74	0.65484
52.766	0.68641
52.796	0.66152
52.817	0.61689
52.843	0.65976
52.869	0.66992
52.895	0.65129
52.921	0.66105
52.948	0.69629
52.974	0.70117
53	0.72019
53.033	0.72593
53.052	0.78465
53.076	0.7835
53.106	0.78238
53.179	0.82719
53.212	0.82762
53.231	0.82497
53.261	0.83725
53.283	0.8304
53.309	0.79858
53.412	0.74447
53.438	0.75473
53.492	0.75561
53.526	0.71688
53.542	0.70673
53.567	0.68938
53.593	0.62726
53.619	0.57833
53.68	0.55016
53.697	0.5666
53.723	0.61273
53.801	0.60035
53.853	0.6491
53.878	0.68549
53.904	0.69654
53.93	0.67839
53.954	0.7216
53.981	0.71398
54.032	0.74187
54.058	0.73135
54.083	0.70052
54.11	0.71898
54.136	0.74052
54.162	0.71963
54.188	0.79894
54.24	0.75441
54.271	0.74555
54.29	0.75728
54.317	0.73538
54.343	0.75399
54.369	0.75754
54.42	0.66366
54.446	0.66642
54.471	0.65235
54.539	0.6828
54.576	0.63347
54.602	0.69576
54.627	0.72838
54.652	0.72373
54.688	0.75595
54.704	0.79036
54.76	0.75419
54.782	0.77022
54.833	0.7321
54.859	0.73455
54.885	0.74913
54.937	0.73309
54.967	0.73777
54.99	0.71361
55.041	0.69746
55.067	0.67009
55.094	0.70196
55.121	0.69924
55.146	0.70567
55.175	0.72661
55.197	0.74531
55.223	0.75125
55.249	0.77367
55.275	0.73877
55.301	0.70992
55.328	0.67587
55.353	0.66183
55.38	0.61919
55.406	0.61649
55.431	0.64763
55.458	0.65994
55.484	0.69528
55.509	0.71064
55.535	0.78391
55.562	0.81779
55.587	0.81762
55.614	0.76654
55.639	0.77935
55.665	0.74141
55.691	0.66787
55.717	0.67088
55.744	0.63459
55.795	0.57709
55.846	0.54375
55.873	0.56097
55.924	0.53266
55.95	0.51537
56.003	0.46657
56.028	0.47454
56.107	0.4121
56.133	0.3242
56.159	0.36926
56.184	0.37043
56.21	0.28577
56.262	0.42937
56.289	0.36917
56.34	0.48939
56.392	0.36792
56.418	0.34557
56.443	0.31109
56.471	0.33488
56.495	0.40423
56.525	0.40422
56.556	0.44708
56.573	0.52904
56.628	0.47706
56.652	0.53566
56.703	0.51134
56.729	0.50467
56.754	0.40043
56.781	0.35993
56.833	0.42138
56.859	0.44978
56.885	0.49946
56.911	0.57062
56.937	0.60569
56.99	0.67253
57.04	0.73155
57.067	0.73143
57.093	0.73256
57.143	0.71029
57.17	0.64529
57.197	0.53258
57.226	0.475
57.274	0.3499
57.3	0.33484
57.326	0.39422
57.353	0.37897
57.379	0.39832
57.457	0.33697
57.482	0.39052
57.51	0.46618
57.535	0.44747
57.587	0.60009
57.614	0.62732
57.64	0.60165
57.675	0.56253
57.691	0.62007
57.742	0.54753
57.769	0.56595
57.795	0.63393
57.82	0.56108
57.848	0.54203
57.873	0.52966
57.899	0.52518
57.925	0.46447
57.95	0.45647
57.978	0.45647
58.029	0.59613
58.057	0.7069
58.082	0.80977
58.123	0.91169
58.186	0.90242
58.218	0.88319
58.242	0.84825
58.27	0.92205
58.291	0.95507
58.316	0.92581
58.341	0.90671
58.367	0.93032
58.393	0.85142
58.419	0.79565
58.447	0.88722
58.473	0.9152
58.498	0.89236
58.523	0.85416
58.552	0.77214
58.576	0.66361
58.601	0.63328
58.627	0.61857
58.654	0.6694
58.679	0.74163
58.708	0.7445
58.731	0.77451
58.757	0.76108
58.784	0.73177
58.808	0.72268
58.835	0.74801
58.865	0.75384
58.887	0.73823
58.939	0.77315
58.965	0.732
58.99	0.68014
59.017	0.69647
59.045	0.63908
59.094	0.65044
59.147	0.62279
59.172	0.5941
59.198	0.62021
59.25	0.65679
59.275	0.67631
59.302	0.71545
59.328	0.70729
59.354	0.70741
59.379	0.70618
59.407	0.70255
59.433	0.73465
59.458	0.74692
59.485	0.76067
59.537	0.83235
59.562	0.72292
59.589	0.68057
59.618	0.51933
59.641	0.29527
59.693	0.2556
59.719	0.23076
59.746	0.31485
59.77	0.35459
59.797	0.30755
59.875	0.33237
59.9	0.2906
59.93	0.27809
59.951	0.22637
59.977	0.27937
60.002	0.26012
60.028	0.32654
60.054	0.33446
60.08	0.27924
60.111	0.14845
60.131	0.13575
60.183	0.18726
60.209	0.29896
60.235	0.4148
60.263	0.41274
60.313	0.38102
60.34	0.37052
60.366	0.31954
60.391	0.31042
60.447	0.38975
60.469	0.3641
60.494	0.52013
60.52	0.55457
60.547	0.61283
60.573	0.64254
60.599	0.62355
60.624	0.4403
60.649	0.38248
60.677	0.3253
60.703	0.29612
60.754	0.36677
60.78	0.38599
60.807	0.38763
60.832	0.2941
60.858	0.27729
60.884	0.38843
60.91	0.48334
60.936	0.50876
60.963	0.57835
60.99	0.55799
61.04	0.32348
61.104	0.22173
61.119	0.19229
61.146	0.14588
61.195	0.19302
61.222	0.25746
61.248	0.30318
61.274	0.40731
61.3	0.44434
61.326	0.46298
61.351	0.50122
61.377	0.51769
61.403	0.4505
61.428	0.38851
61.455	0.39732
61.48	0.36601
61.532	0.25543
61.562	0.21054
61.584	0.19397
61.637	0.30631
61.661	0.31114
61.687	0.29448
61.714	0.27418
61.739	0.28343
61.764	0.23109
61.79	0.26336
61.816	0.27422
61.843	0.26135
61.869	0.27801
61.896	0.25988
61.92	0.26748
61.946	0.2947
61.972	0.29426
61.997	0.23965
62.024	0.24664
62.075	0.18058
62.102	0.19054
62.126	0.17879
62.153	0.15966
62.23	0.18352
62.255	0.23922
62.281	0.23345
62.314	0.18103
62.333	0.10647
62.359	0.11464
62.385	0.098884
62.411	0.044653
62.463	0.089217
62.488	0.13091
62.514	0.19346
62.54	0.21741
62.566	0.29728
62.593	0.4411
62.621	0.42822
62.645	0.30961
62.67	0.27304
62.695	0.328
62.748	0.28459
62.774	0.33352
62.799	0.37722
62.825	0.37341
62.853	0.49011
62.904	0.51632
62.929	0.62577
62.982	0.50822
63.034	0.55112
63.059	0.47483
63.086	0.46361
63.136	0.4173
63.164	0.4865
63.188	0.40581
63.215	0.42172
63.242	0.42756
63.292	0.36447
63.319	0.36665
63.344	0.30941
63.37	0.35244
63.397	0.38206
63.421	0.44726
63.448	0.4983
63.473	0.61289
63.499	0.58526
63.526	0.59934
63.552	0.56316
63.577	0.60338
63.603	0.47739
63.629	0.45548
63.658	0.4021
63.682	0.30031
63.733	0.31402
63.811	0.31306
63.837	0.37236
63.863	0.3521
63.889	0.45598
63.915	0.55895
63.942	0.50176
63.968	0.47793
63.994	0.5319
64.02	0.48749
64.045	0.37982
64.071	0.42055
64.096	0.44095
64.122	0.42151
64.149	0.4816
64.2	0.51064
64.226	0.44415
64.253	0.39832
64.278	0.28001
64.305	0.36617
64.335	0.33509
64.357	0.29892
64.384	0.40618
64.409	0.49495
64.435	0.45406
64.461	0.3852
64.486	0.40315
64.513	0.33167
64.539	0.27125
64.566	0.23787
64.592	0.28898
64.643	0.2021
64.669	0.22248
64.694	0.22043
64.721	0.25156
64.774	0.28234
64.803	0.25791
64.825	0.25508
64.853	0.17097
64.88	0.15904
64.929	0.18225
64.955	0.15681
64.982	0.22963
65.008	0.22516
65.034	0.17877
65.085	0.23537
65.138	0.24984
65.164	0.27403
65.191	0.27199
65.216	0.32271
65.242	0.29672
65.293	0.26526
65.319	0.27099
65.345	0.18956
65.371	0.2113
65.396	0.23535
65.422	0.25962
65.447	0.29248
65.474	0.31821
65.5	0.29045
65.525	0.33138
65.553	0.33632
65.577	0.27873
65.61	0.33133
65.629	0.35737
65.655	0.29536
65.68	0.29313
65.707	0.29162
65.76	0.22416
65.785	0.20483
65.811	0.17722
65.836	0.17261
65.862	0.13197
65.888	0.10586
65.915	0.081169
65.941	0.077956
65.967	0.096912
65.992	0.14193
66.019	0.22691
66.044	0.31127
66.071	0.3578
66.099	0.31448
66.148	0.31155
66.173	0.24903
66.199	0.21252
66.226	0.21837
66.255	0.21412
66.277	0.20622
66.303	0.25938
66.33	0.2893
66.356	0.31924
66.382	0.35139
66.433	0.32429
66.459	0.27938
66.486	0.26456
66.514	0.29899
66.538	0.34634
66.588	0.36787
66.615	0.38921
66.642	0.36275
66.67	0.38646
66.695	0.35515
66.72	0.32023
66.744	0.32431
66.77	0.29295
66.796	0.269
66.831	0.26012
66.873	0.25283
66.925	0.23647
66.951	0.17857
66.978	0.1429
67.004	0.1191
67.03	0.11572
67.056	0.18673
67.082	0.29661
67.108	0.36085
67.134	0.33595
67.16	0.32575
67.188	0.29473
67.212	0.2688
67.241	0.26155
67.265	0.29383
67.29	0.27654
67.315	0.30672
67.341	0.2965
67.367	0.27554
67.393	0.26336
67.42	0.29138
67.446	0.20081
67.472	0.19122
67.498	0.22141
67.524	0.2281
67.549	0.21253
67.576	0.22673
67.602	0.18553
67.629	0.17749
67.655	0.17352
67.68	0.17554
67.713	0.19663
67.732	0.23169
67.758	0.23974
67.783	0.21809
67.809	0.23511
67.836	0.17962
67.863	0.18854
67.887	0.24292
67.914	0.26179
67.939	0.28928
67.965	0.35411
67.991	0.31175
68.02	0.27732
68.045	0.4315
68.069	0.59184
68.095	0.73725
68.121	0.77579
68.146	0.87016
68.174	0.83593
68.199	0.8486
68.252	0.87057
68.278	0.84018
68.306	0.80929
68.33	0.79296
68.382	0.84701
68.407	0.91248
68.435	0.91165
68.46	0.89767
68.487	0.90324
68.512	0.82574
68.537	0.78662
68.563	0.77502
68.589	0.76667
68.617	0.76029
68.643	0.78633
68.667	0.77098
68.693	0.77247
68.72	0.72732
68.745	0.76893
68.771	0.73913
68.798	0.73239
68.822	0.72288
68.848	0.67874
68.874	0.5979
68.899	0.53302
68.926	0.48614
68.952	0.483
69.004	0.51376
69.029	0.6059
69.055	0.60229
69.081	0.64954
69.107	0.62584
69.133	0.6515
69.158	0.58406
69.186	0.62727
69.211	0.57669
69.237	0.57808
69.288	0.66387
69.313	0.64764
69.341	0.6739
69.366	0.64989
69.393	0.6163
69.418	0.61079
69.443	0.61314
69.47	0.57793
69.495	0.57899
69.521	0.56583
69.548	0.5532
69.598	0.58517
69.624	0.61315
69.65	0.64533
69.676	0.67328
69.703	0.66212
69.728	0.64
69.754	0.6355
69.779	0.62945
69.807	0.59696
69.832	0.61271
69.858	0.61289
69.883	0.59381
69.911	0.58911
69.937	0.65985
69.962	0.69042
69.988	0.68269
70.014	0.76101
70.039	0.80373
70.065	0.8169
70.091	0.8324
70.118	0.84416
70.144	0.81456
70.195	0.80775
70.221	0.78453
70.247	0.82078
70.273	0.86451
70.326	0.80694
70.355	0.74391
70.378	0.74865
70.404	0.68369
70.43	0.68306
70.483	0.74447
70.508	0.68592
70.535	0.69417
70.561	0.63216
70.588	0.56304
70.612	0.52196
70.639	0.53985
70.663	0.50633
70.688	0.53967
70.717	0.58486
70.742	0.58661
70.767	0.58234
70.793	0.61979
70.819	0.65069
70.846	0.69147
70.872	0.73518
70.95	0.73921
70.976	0.72018
71.002	0.65684
71.028	0.59351
71.079	0.58696
71.106	0.56711
71.131	0.5636
71.157	0.5968
71.184	0.58285
71.235	0.60009
71.261	0.60112
71.287	0.54716
71.319	0.57131
71.341	0.56166
71.366	0.53724
71.391	0.5913
71.417	0.64953
71.444	0.67527
71.471	0.73769
71.496	0.73348
71.548	0.74354
71.573	0.68811
71.599	0.62828
71.626	0.6943
71.653	0.69197
71.677	0.62866
71.73	0.73348
71.782	0.71194
71.834	0.76388
71.86	0.76535
71.887	0.73005
71.916	0.68894
71.939	0.69663
71.965	0.69006
71.99	0.64169
72.015	0.64111
72.042	0.69735
72.067	0.69209
72.095	0.69415
72.12	0.72361
72.146	0.68986
72.171	0.68071
72.197	0.62868
72.223	0.60679
72.274	0.61947
72.301	0.60815
72.326	0.67178
72.356	0.66321
72.379	0.67536
72.43	0.66584
72.456	0.65912
72.483	0.56075
72.51	0.47826
72.537	0.43233
72.587	0.3574
72.639	0.23704
72.666	0.17162
72.692	0.19837
72.743	0.12219
72.769	0.18227
72.795	0.19845
72.821	0.18828
72.847	0.27288
72.874	0.30663
72.899	0.27107
72.925	0.30675
72.958	0.29095
72.978	0.24894
73.031	0.30781
73.055	0.29486
73.082	0.29708
73.11	0.30995
73.134	0.30318
73.185	0.38702
73.211	0.36966
73.263	0.24823
73.29	0.24289
73.315	0.26307
73.367	0.26069
73.393	0.17885
73.421	0.11368
73.446	0.058799
73.472	0.02234
73.497	0.038272
73.576	0.11222
73.626	0.18967
73.655	0.28217
73.678	0.23649
73.704	0.19173
73.73	0.23695
73.757	0.23974
73.785	0.19624
73.835	0.31487
73.863	0.26576
73.887	0.22348
73.938	0.29368
73.964	0.22501
73.99	0.30377
74.015	0.34354
74.042	0.27665
74.094	0.31992
74.12	0.32209
74.146	0.3085
74.171	0.36888
74.198	0.3945
74.223	0.40809
74.252	0.33028
74.275	0.32727
74.307	0.28231
74.328	0.22655
74.38	0.29191
74.406	0.30877
74.433	0.3198
74.459	0.39691
74.485	0.38421
74.536	0.27734
74.561	0.27687
74.588	0.27688
74.615	0.2711
74.642	0.28223
74.666	0.23987
74.692	0.25528
74.744	0.15283
74.77	0.13346
74.797	0.17188
74.822	0.13252
74.847	0.19681
74.899	0.19368
74.942	0.19086
74.978	0.23989
75.003	0.28514
75.027	0.28861
75.053	0.32684
75.08	0.3016
75.105	0.32679
75.165	0.33808
75.184	0.26314
75.239	0.21198
75.262	0.15339
75.314	0.22767
75.365	0.27298
75.393	0.30114
75.419	0.26313
75.443	0.30277
75.469	0.30014
75.495	0.28956
75.521	0.3262
75.547	0.40165
75.6	0.42953
75.626	0.46373
75.652	0.3968
75.678	0.37344
75.754	0.2461
75.779	0.25593
75.806	0.2009
75.832	0.2143
75.884	0.20607
75.911	0.22775
75.936	0.28169
75.963	0.2906
75.989	0.33804
76.039	0.33677
76.066	0.32696
76.091	0.29178
76.118	0.2734
76.144	0.25962
76.17	0.23873
76.195	0.24606
76.221	0.26525
76.246	0.21908
76.273	0.25486
76.299	0.26356
76.35	0.25213
76.376	0.29423
76.404	0.24596
76.427	0.26083
76.454	0.20984
76.48	0.20493
76.531	0.24151
76.556	0.25412
76.584	0.29137
76.637	0.26007
76.661	0.32242
76.688	0.27334
76.713	0.29253
76.74	0.36061
76.766	0.35045
76.79	0.32238
76.817	0.38263
76.843	0.33191
76.869	0.26738
76.896	0.27677
76.947	0.26421
76.973	0.31511
76.999	0.32212
77.025	0.26104
77.052	0.21294
77.077	0.25275
77.104	0.21792
77.129	0.24124
77.155	0.26715
77.182	0.22748
77.208	0.20409
77.233	0.17743
77.259	0.19655
77.31	0.1432
77.337	0.18086
77.388	0.18927
77.414	0.25679
77.471	0.29731
77.494	0.35641
77.545	0.3401
77.571	0.32563
77.597	0.35308
77.623	0.31346
77.703	0.32084
77.731	0.31565
77.767	0.30849
77.779	0.31383
77.832	0.35704
77.883	0.35482
77.922	0.34362
77.934	0.27699
77.986	0.31647
78.038	0.25616
78.09	0.32837
78.114	0.76779
78.14	0.93071
78.166	0.92532
78.192	0.97051
78.22	0.93509
78.245	0.92602
78.271	0.91179
78.296	0.94288
78.323	0.89069
78.347	0.93577
78.375	0.88977
78.402	0.87507
78.426	0.83381
78.454	0.76747
78.478	0.72815
78.504	0.69878
78.53	0.70657
78.557	0.70253
78.583	0.70131
78.608	0.6595
78.669	0.68636
78.687	0.70775
78.713	0.76717
78.737	0.73984
78.762	0.74756
78.789	0.67243
78.842	0.55137
78.892	0.60979
78.918	0.63818
78.944	0.63959
78.97	0.64998
78.997	0.60323
79.022	0.59466
79.059	0.58989
79.074	0.62682
79.206	0.74265
79.231	0.72155
79.257	0.70945
79.285	0.77613
79.308	0.71983
79.334	0.762
79.361	0.77388
79.387	0.74768
79.413	0.6697
79.44	0.62009
79.465	0.5703
79.517	0.57629
79.544	0.60571
79.57	0.72618
79.594	0.74946
79.621	0.7078
79.647	0.75264
79.673	0.77254
79.698	0.72631
79.724	0.73015
79.75	0.77055
79.829	0.70896
79.855	0.67869
79.881	0.68253
79.959	0.61859
79.986	0.63068
80.018	0.58905
80.12	0.65047
80.166	0.67054
80.244	0.67253
80.321	0.59295
80.348	0.59839
80.4	0.64519
80.453	0.63154
80.488	0.57119
80.504	0.579
80.559	0.56279
80.61	0.68899
80.664	0.72242
80.713	0.77323
80.731	0.77335
80.842	0.77896
80.867	0.81656
80.983	0.86477
80.997	0.8172
81.074	0.80112
81.152	0.80585
81.177	0.75764
81.204	0.81688
81.256	0.74454
81.281	0.70878
81.307	0.71507
81.333	0.62907
81.376	0.52036
81.387	0.39537
81.513	0.33175
81.566	0.26124
81.621	0.15108
81.67	0.20924
81.773	0.30513
81.8	0.3541
81.827	0.35298
81.853	0.32622
81.878	0.2852
81.906	0.27361
81.931	0.24955
81.957	0.26058
81.983	0.26508
82.008	0.36971
82.035	0.33926
82.087	0.27961
82.129	0.23402
82.189	0.38932
82.215	0.42817
82.241	0.53731
82.275	0.50138
82.297	0.452
82.37	0.60443
82.396	0.63214
82.448	0.56463
82.499	0.33488
82.552	0.3238
82.577	0.32253
82.603	0.26906
82.629	0.30225
82.681	0.33619
82.707	0.34067
82.758	0.44065
82.784	0.3537
82.862	0.21702
82.888	0.13998
82.94	0.1536
82.992	0.2948
83.019	0.38104
83.044	0.44407
83.096	0.5037
83.147	0.575
83.175	0.62922
83.198	0.70711
83.265	0.75737
83.301	0.78719
83.328	0.66269
83.356	0.5333
83.381	0.4882
83.458	0.26426
83.484	0.28697
83.562	0.35982
83.588	0.39356
83.613	0.44223
83.639	0.38953
83.696	0.35601
83.717	0.34682
83.746	0.32532
83.77	0.29714
83.897	0.31229
83.924	0.31651
83.975	0.2981
84.027	0.18413
84.053	0.20151
84.208	0.084252
84.234	0.062922
84.288	0.17874
84.313	0.22199
84.341	0.24449
84.37	0.36487
84.389	0.34484
84.416	0.31711
84.494	0.32119
84.537	0.36896
84.572	0.29217
84.597	0.25742
84.623	0.19711
84.649	0.11831
84.676	0.15885
84.701	0.15372
84.753	0.22343
84.778	0.26188
84.83	0.24437
84.855	0.26674
84.881	0.29276
84.909	0.24672
84.933	0.23845
84.959	0.28144
84.987	0.27947
85.011	0.25572
85.038	0.29822
85.063	0.33083
85.09	0.28668
85.118	0.31239
85.142	0.32915
85.167	0.284
85.192	0.26581
85.22	0.27998
85.246	0.21416
85.272	0.17689
85.297	0.16631
85.323	0.15382
85.349	0.18005
85.376	0.23685
85.402	0.2729
85.429	0.35576
85.455	0.36727
85.479	0.32296
85.531	0.30773
85.559	0.25027
85.583	0.22768
85.609	0.23581
85.636	0.24079
85.714	0.20755
85.738	0.17931
85.79	0.10728
85.816	0.17225
85.841	0.21694
85.868	0.32121
85.894	0.35381
85.945	0.27421
85.97	0.26166
85.998	0.22475
86.024	0.23804
86.049	0.25822
86.101	0.34598
86.127	0.29775
86.154	0.2715
86.18	0.26813
86.208	0.22815
86.232	0.25816
86.257	0.29591
86.283	0.26132
86.31	0.16677
86.333	0.21695
86.359	0.18271
86.391	0.1692
86.437	0.33519
86.463	0.29877
86.489	0.28068
86.544	0.23311
86.592	0.23453
86.618	0.21921
86.643	0.32924
86.669	0.31544
86.697	0.3239
86.747	0.23048
86.773	0.11376
86.799	0.15724
86.85	0.26863
86.876	0.34999
86.919	0.40578
86.931	0.34655
86.956	0.34893
86.982	0.27251
87.033	0.29397
87.059	0.29695
87.086	0.29854
87.136	0.25822
87.162	0.21472
87.188	0.22024
87.215	0.22667
87.24	0.22291
87.292	0.24149
87.343	0.21652
87.37	0.2059
87.396	0.21174
87.448	0.23542
87.474	0.28192
87.517	0.27515
87.556	0.31221
87.587	0.30861
87.604	0.26721
87.67	0.32447
87.682	0.25463
87.71	0.25471
87.737	0.28144
87.76	0.28322
87.811	0.19202
87.838	0.17035
87.89	0.19438
87.915	0.23419
87.941	0.31722
87.967	0.34658
87.992	0.33953
88.045	0.39702
88.072	0.34485
88.097	0.3568
88.123	0.45709
88.148	0.59176
88.199	0.78875
88.227	0.74816
88.254	0.75474
88.281	0.79271
88.304	0.80173
88.332	0.87628
88.382	0.87271
88.408	0.80365
88.435	0.81299
88.486	0.88024
88.512	0.91625
88.538	0.97413
88.564	0.94839
88.589	0.8744
88.616	0.83037
88.668	0.761
88.694	0.78935
88.719	0.83129
88.746	0.88838
88.771	0.87369
88.798	0.89557
88.824	0.89846
88.85	0.84172
88.879	0.79432
88.903	0.8421
88.928	0.8141
88.954	0.74464
88.98	0.76458
89.008	0.7451
89.033	0.7351
89.06	0.72553
89.085	0.71814
89.11	0.69634
89.136	0.68135
89.162	0.62362
89.189	0.58633
89.24	0.5816
89.268	0.58695
89.294	0.62426
89.319	0.60997
89.345	0.60559
89.396	0.6372
89.423	0.57782
89.449	0.54291
89.475	0.52244
89.525	0.42723
89.552	0.49558
89.578	0.56822
89.613	0.55698
89.63	0.58702
89.657	0.59226
89.684	0.4853
89.708	0.47272
89.733	0.49637
89.766	0.49469
89.786	0.54437
89.812	0.60722
89.837	0.57089
89.863	0.5669
89.889	0.54384
89.916	0.51128
89.942	0.53176
89.967	0.55127
89.993	0.57827
90.046	0.65726
90.072	0.66608
90.098	0.74222
90.123	0.81198
90.176	0.84174
90.205	0.8255
90.228	0.81931
90.255	0.75076
90.286	0.76829
90.306	0.73511
90.332	0.76916
90.359	0.72498
90.383	0.69806
90.411	0.69173
90.437	0.71949
90.462	0.74618
90.488	0.7771
90.514	0.78902
90.54	0.77715
90.592	0.71254
90.619	0.67371
90.643	0.6716
90.67	0.71359
90.695	0.74791
90.721	0.71866
90.747	0.73873
90.761	0.7537
90.774	0.76781
90.8	0.71353
90.827	0.69151
90.853	0.69816
90.878	0.68561
90.903	0.62068
90.929	0.69212
90.955	0.73073
90.982	0.78183
91.007	0.8055
91.033	0.81849
91.057	0.73982
91.083	0.73933
91.11	0.70487
91.137	0.7092
91.161	0.76934
91.189	0.77118
91.239	0.692
91.266	0.66113
91.292	0.59294
91.343	0.6489
91.395	0.68304
91.421	0.69815
91.447	0.69884
91.472	0.71092
91.498	0.66435
91.524	0.6196
91.551	0.60347
91.578	0.59086
91.603	0.55127
91.631	0.60157
91.68	0.61442
91.708	0.58808
91.732	0.63078
91.76	0.62998
91.783	0.61729
91.809	0.63318
91.834	0.63209
91.864	0.61492
91.887	0.61694
91.914	0.598
91.94	0.61005
91.965	0.58793
91.99	0.53877
92.017	0.48602
92.044	0.49791
92.095	0.52183
92.122	0.54649
92.149	0.57662
92.175	0.605
92.2	0.59474
92.254	0.62698
92.277	0.62383
92.307	0.58818
92.355	0.54368
92.407	0.52345
92.433	0.55116
92.511	0.6696
92.564	0.63289
92.641	0.62886
92.745	0.65608
92.823	0.58697
92.873	0.58702
92.928	0.62574
93.055	0.61101
93.081	0.6223
93.107	0.57286
93.134	0.56153
93.187	0.5516
93.213	0.52289
93.238	0.5601
93.273	0.55306
93.29	0.5704
93.315	0.55262
93.34	0.52681
93.366	0.45835
93.393	0.44901
93.418	0.45107
93.447	0.46316
93.471	0.48178
93.496	0.52311
93.6	0.53315
93.653	0.5308
93.677	0.53715
93.756	0.62622
93.782	0.62868
93.808	0.6849
93.836	0.76478
93.886	0.6564
93.912	0.67816
93.938	0.6248
93.964	0.57275
93.989	0.599
94.04	0.63526
94.067	0.72679
94.093	0.70865
94.118	0.66762
94.145	0.6605
94.17	0.65742
94.196	0.57096
94.223	0.52374
94.248	0.50194
94.275	0.47958
94.302	0.4864
94.326	0.53096
94.354	0.59084
94.378	0.60494
94.409	0.65711
94.429	0.63357
94.457	0.59692
94.483	0.57079
94.507	0.58697
94.533	0.53706
94.561	0.53591
94.587	0.54197
94.64	0.55929
94.663	0.56153
94.689	0.54812
94.716	0.49985
94.741	0.50431
94.82	0.52891
94.846	0.54161
94.872	0.54605
94.899	0.52824
94.924	0.48284
94.95	0.50743
94.975	0.5457
95.004	0.5722
95.027	0.58961
95.053	0.62819
95.078	0.6161
95.105	0.55922
95.131	0.54827
95.157	0.50739
95.184	0.50739
95.209	0.55436
95.237	0.62153
95.261	0.65938
95.287	0.7335
95.313	0.5913
95.339	0.41454
95.391	0.34584
95.417	0.29458
95.443	0.29144
95.47	0.3594
95.495	0.25434
95.547	0.26865
95.573	0.25235
95.599	0.22972
95.626	0.3463
95.652	0.27251
95.677	0.28125
95.703	0.29909
95.728	0.26676
95.757	0.17681
95.784	0.23997
95.807	0.21261
95.836	0.21732
95.859	0.26074
95.886	0.29024
95.915	0.28591
95.938	0.29805
95.99	0.25259
96.016	0.25411
96.043	0.21478
96.068	0.24863
96.095	0.24529
96.146	0.20203
96.172	0.18839
96.198	0.11759
96.225	0.038123
96.254	0.037612
96.303	0.066428
96.329	0.12041
96.357	0.21806
96.382	0.24729
96.408	0.22645
96.434	0.18108
96.458	0.16468
96.484	0.13803
96.511	0.11617
96.536	0.16232
96.563	0.23468
96.587	0.27072
96.666	0.30264
96.691	0.24855
96.742	0.20875
96.769	0.19407
96.796	0.13381
96.821	0.17006
96.848	0.15301
96.873	0.12203
96.9	0.17365
96.926	0.21463
96.951	0.17491
96.979	0.26492
97.004	0.28499
97.029	0.24324
97.054	0.29875
97.081	0.34306
97.107	0.29651
97.133	0.28284
97.159	0.25669
97.185	0.16474
97.21	0.14388
97.236	0.082611
97.265	0.060842
97.289	0.095679
97.34	0.1675
97.369	0.24819
97.394	0.28493
97.42	0.30454
97.445	0.29695
97.497	0.32787
97.523	0.34816
97.549	0.34674
97.575	0.33865
97.602	0.35218
97.625	0.36634
97.653	0.34278
97.679	0.28901
97.705	0.3328
97.732	0.27282
97.757	0.26215
97.788	0.26934
97.809	0.21925
97.863	0.13536
97.887	0.095154
97.939	0.17793
97.964	0.17513
97.99	0.23057
98.017	0.26231
98.043	0.23392
98.095	0.20514
98.12	0.23784
98.147	0.37352
98.173	0.48355
98.2	0.6493
98.251	0.77432
98.277	0.71428
98.305	0.6964
98.33	0.67816
98.355	0.70488
98.383	0.7788
98.406	0.78199
98.432	0.79666
98.458	0.7663
98.484	0.77891
98.511	0.76365
98.537	0.76003
98.561	0.80224
98.588	0.78504
98.619	0.84451
98.64	0.86538
98.692	0.9272
98.743	0.89207
98.774	0.87334
98.796	0.82117
98.821	0.85739
98.847	0.92652
98.874	0.86574
98.899	0.85713
98.926	0.84385
98.953	0.80757
98.977	0.77409
99.003	0.77328
99.029	0.76457
99.057	0.82292
99.081	0.79321
99.109	0.85129
99.134	0.96573
99.16	0.9681
99.185	0.92709
99.212	1
99.238	0.92641
99.288	0.86796
99.316	0.83435
99.342	0.75647
99.37	0.8027
99.394	0.84438
99.446	0.85415
99.472	0.8633
99.498	0.82953
99.524	0.80654
99.551	0.73331
99.601	0.77262
99.627	0.75471
99.653	0.77262
99.679	0.78936
99.706	0.724
99.735	0.69173
99.783	0.69
99.808	0.70049
99.835	0.72929
99.887	0.69806
99.913	0.67576
99.939	0.69624
99.965	0.69612
99.991	0.72384
100.04	0.80411
